20
0.0 111.0 59.0 103.0 119.0 98.0 107.0 73.0 9.0 128.0 92.0 50.0 154.0 34.0 87.0 115.0 106.0 29.0 85.0 90.0
111.0 0.0 117.0 130.0 156.0 122.0 51.0 28.0 36.0 93.0 176.0 64.0 98.0 39.0 65.0 86.0 112.0 55.0 122.0 105.0
59.0 117.0 0.0 190.0 72.0 27.0 38.0 120.0 165.0 83.0 79.0 182.0 66.0 89.0 52.0 66.0 17.0 71.0 19.0 123.0
103.0 130.0 190.0 0.0 89.0 33.0 93.0 33.0 109.0 128.0 91.0 172.0 95.0 195.0 148.0 66.0 141.0 55.0 181.0 181.0
119.0 156.0 72.0 89.0 0.0 76.0 110.0 87.0 4.0 70.0 95.0 47.0 56.0 95.0 101.0 69.0 31.0 36.0 130.0 37.0
98.0 122.0 27.0 33.0 76.0 0.0 127.0 73.0 156.0 82.0 143.0 26.0 28.0 28.0 141.0 119.0 102.0 47.0 26.0 130.0
107.0 51.0 38.0 93.0 110.0 127.0 0.0 105.0 100.0 134.0 116.0 142.0 144.0 94.0 150.0 117.0 70.0 135.0 9.0 123.0
73.0 28.0 120.0 33.0 87.0 73.0 105.0 0.0 160.0 96.0 157.0 16.0 10.0 45.0 95.0 82.0 90.0 49.0 83.0 87.0
9.0 36.0 165.0 109.0 4.0 156.0 100.0 160.0 0.0 133.0 98.0 108.0 67.0 151.0 140.0 131.0 76.0 160.0 59.0 39.0
128.0 93.0 83.0 128.0 70.0 82.0 134.0 96.0 133.0 0.0 162.0 67.0 82.0 52.0 88.0 109.0 99.0 92.0 73.0 39.0
92.0 176.0 79.0 91.0 95.0 143.0 116.0 157.0 98.0 162.0 0.0 129.0 55.0 149.0 60.0 55.0 30.0 124.0 66.0 74.0
50.0 64.0 182.0 172.0 47.0 26.0 142.0 16.0 108.0 67.0 129.0 0.0 195.0 55.0 115.0 146.0 89.0 3.0 32.0 27.0
154.0 98.0 66.0 95.0 56.0 28.0 144.0 10.0 67.0 82.0 55.0 195.0 0.0 92.0 74.0 57.0 111.0 54.0 104.0 11.0
34.0 39.0 89.0 195.0 95.0 28.0 94.0 45.0 151.0 52.0 149.0 55.0 92.0 0.0 42.0 72.0 75.0 40.0 153.0 65.0
87.0 65.0 52.0 148.0 101.0 141.0 150.0 95.0 140.0 88.0 60.0 115.0 74.0 42.0 0.0 0.0 91.0 62.0 47.0 188.0
115.0 86.0 66.0 66.0 69.0 119.0 117.0 82.0 131.0 109.0 55.0 146.0 57.0 72.0 0.0 0.0 106.0 31.0 191.0 89.0
106.0 112.0 17.0 141.0 31.0 102.0 70.0 90.0 76.0 99.0 30.0 89.0 111.0 75.0 91.0 106.0 0.0 94.0 64.0 126.0
29.0 55.0 71.0 55.0 36.0 47.0 135.0 49.0 160.0 92.0 124.0 3.0 54.0 40.0 62.0 31.0 94.0 0.0 87.0 137.0
85.0 122.0 19.0 181.0 130.0 26.0 9.0 83.0 59.0 73.0 66.0 32.0 104.0 153.0 47.0 191.0 64.0 87.0 0.0 44.0
90.0 105.0 123.0 181.0 37.0 130.0 123.0 87.0 39.0 39.0 74.0 27.0 11.0 65.0 188.0 89.0 126.0 137.0 44.0 0.0
0.0 133.0 3.0 126.0 130.0 113.0 142.0 121.0 73.0 0.0 0.0 93.0 123.0 65.0 112.0 100.0 40.0 63.0 32.0 117.0
133.0 0.0 11.0 43.0 129.0 20.0 78.0 132.0 7.0 109.0 139.0 94.0 93.0 44.0 13.0 8.0 162.0 157.0 51.0 6.0
3.0 11.0 0.0 122.0 112.0 67.0 71.0 142.0 36.0 35.0 99.0 149.0 146.0 36.0 48.0 90.0 64.0 42.0 106.0 82.0
126.0 43.0 122.0 0.0 101.0 0.0 163.0 130.0 85.0 97.0 39.0 145.0 167.0 4.0 1.0 141.0 52.0 67.0 78.0 31.0
130.0 129.0 112.0 101.0 0.0 60.0 130.0 17.0 164.0 69.0 47.0 9.0 154.0 94.0 97.0 95.0 112.0 112.0 138.0 102.0
113.0 20.0 67.0 0.0 60.0 0.0 115.0 41.0 101.0 149.0 25.0 97.0 64.0 103.0 159.0 76.0 11.0 33.0 144.0 127.0
142.0 78.0 71.0 163.0 130.0 115.0 0.0 16.0 104.0 83.0 52.0 143.0 144.0 81.0 108.0 131.0 81.0 41.0 128.0 119.0
121.0 132.0 142.0 130.0 17.0 41.0 16.0 0.0 68.0 28.0 84.0 129.0 150.0 88.0 108.0 15.0 92.0 143.0 105.0 104.0
73.0 7.0 36.0 85.0 164.0 101.0 104.0 68.0 0.0 75.0 46.0 105.0 77.0 127.0 16.0 79.0 26.0 156.0 157.0 56.0
0.0 109.0 35.0 97.0 69.0 149.0 83.0 28.0 75.0 0.0 27.0 150.0 185.0 84.0 92.0 94.0 78.0 108.0 64.0 6.0
0.0 139.0 99.0 39.0 47.0 25.0 52.0 84.0 46.0 27.0 0.0 45.0 97.0 73.0 58.0 136.0 166.0 100.0 74.0 42.0
93.0 94.0 149.0 145.0 9.0 97.0 143.0 129.0 105.0 150.0 45.0 0.0 149.0 120.0 106.0 50.0 153.0 140.0 91.0 89.0
123.0 93.0 146.0 167.0 154.0 64.0 144.0 150.0 77.0 185.0 97.0 149.0 0.0 10.0 127.0 111.0 96.0 134.0 53.0 54.0
65.0 44.0 36.0 4.0 94.0 103.0 81.0 88.0 127.0 84.0 73.0 120.0 10.0 0.0 53.0 176.0 91.0 30.0 55.0 67.0
112.0 13.0 48.0 1.0 97.0 159.0 108.0 108.0 16.0 92.0 58.0 106.0 127.0 53.0 0.0 7.0 109.0 99.0 101.0 163.0
100.0 8.0 90.0 141.0 95.0 76.0 131.0 15.0 79.0 94.0 136.0 50.0 111.0 176.0 7.0 0.0 87.0 5.0 130.0 98.0
40.0 162.0 64.0 52.0 112.0 11.0 81.0 92.0 26.0 78.0 166.0 153.0 96.0 91.0 109.0 87.0 0.0 35.0 122.0 4.0
63.0 157.0 42.0 67.0 112.0 33.0 41.0 143.0 156.0 108.0 100.0 140.0 134.0 30.0 99.0 5.0 35.0 0.0 17.0 159.0
32.0 51.0 106.0 78.0 138.0 144.0 128.0 105.0 157.0 64.0 74.0 91.0 53.0 55.0 101.0 130.0 122.0 17.0 0.0 71.0
117.0 6.0 82.0 31.0 102.0 127.0 119.0 104.0 56.0 6.0 42.0 89.0 54.0 67.0 163.0 98.0 4.0 159.0 71.0 0.0
