20
0.0 101.0 89.0 59.0 66.0 67.0 70.0 56.0 110.0 134.0 57.0 98.0 91.0 39.0 37.0 145.0 75.0 144.0 115.0 129.0
101.0 0.0 30.0 176.0 19.0 59.0 124.0 144.0 70.0 150.0 144.0 143.0 115.0 45.0 54.0 83.0 79.0 38.0 55.0 104.0
89.0 30.0 0.0 88.0 52.0 23.0 165.0 137.0 65.0 45.0 89.0 51.0 0.0 169.0 69.0 70.0 22.0 54.0 44.0 110.0
59.0 176.0 88.0 0.0 77.0 53.0 68.0 30.0 172.0 66.0 139.0 106.0 112.0 70.0 150.0 14.0 97.0 76.0 87.0 72.0
66.0 19.0 52.0 77.0 0.0 101.0 22.0 43.0 19.0 89.0 71.0 71.0 32.0 55.0 84.0 46.0 138.0 68.0 102.0 115.0
67.0 59.0 23.0 53.0 101.0 0.0 60.0 129.0 126.0 82.0 68.0 8.0 66.0 70.0 90.0 102.0 39.0 35.0 91.0 99.0
70.0 124.0 165.0 68.0 22.0 60.0 0.0 59.0 77.0 157.0 160.0 61.0 74.0 60.0 88.0 42.0 55.0 113.0 107.0 131.0
56.0 144.0 137.0 30.0 43.0 129.0 59.0 0.0 129.0 17.0 99.0 103.0 70.0 33.0 93.0 61.0 86.0 90.0 148.0 88.0
110.0 70.0 65.0 172.0 19.0 126.0 77.0 129.0 0.0 126.0 158.0 90.0 101.0 44.0 159.0 33.0 54.0 67.0 82.0 117.0
134.0 150.0 45.0 66.0 89.0 82.0 157.0 17.0 126.0 0.0 84.0 21.0 82.0 71.0 37.0 179.0 133.0 99.0 157.0 79.0
57.0 144.0 89.0 139.0 71.0 68.0 160.0 99.0 158.0 84.0 0.0 106.0 139.0 28.0 148.0 83.0 160.0 117.0 93.0 28.0
98.0 143.0 51.0 106.0 71.0 8.0 61.0 103.0 90.0 21.0 106.0 0.0 181.0 44.0 136.0 90.0 140.0 89.0 26.0 42.0
91.0 115.0 0.0 112.0 32.0 66.0 74.0 70.0 101.0 82.0 139.0 181.0 0.0 157.0 85.0 108.0 35.0 92.0 67.0 138.0
39.0 45.0 169.0 70.0 55.0 70.0 60.0 33.0 44.0 71.0 28.0 44.0 157.0 0.0 112.0 128.0 36.0 132.0 10.0 174.0
37.0 54.0 69.0 150.0 84.0 90.0 88.0 93.0 159.0 37.0 148.0 136.0 85.0 112.0 0.0 100.0 44.0 92.0 103.0 100.0
145.0 83.0 70.0 14.0 46.0 102.0 42.0 61.0 33.0 179.0 83.0 90.0 108.0 128.0 100.0 0.0 104.0 82.0 136.0 83.0
75.0 79.0 22.0 97.0 138.0 39.0 55.0 86.0 54.0 133.0 160.0 140.0 35.0 36.0 44.0 104.0 0.0 63.0 53.0 72.0
144.0 38.0 54.0 76.0 68.0 35.0 113.0 90.0 67.0 99.0 117.0 89.0 92.0 132.0 92.0 82.0 63.0 0.0 30.0 106.0
115.0 55.0 44.0 87.0 102.0 91.0 107.0 148.0 82.0 157.0 93.0 26.0 67.0 10.0 103.0 136.0 53.0 30.0 0.0 79.0
129.0 104.0 110.0 72.0 115.0 99.0 131.0 88.0 117.0 79.0 28.0 42.0 138.0 174.0 100.0 83.0 72.0 106.0 79.0 0.0
0.0 150.0 156.0 133.0 13.0 36.0 53.0 117.0 71.0 126.0 88.0 92.0 71.0 135.0 187.0 45.0 33.0 28.0 82.0 100.0
150.0 0.0 8.0 127.0 51.0 46.0 69.0 36.0 110.0 111.0 79.0 142.0 145.0 92.0 155.0 22.0 12.0 110.0 176.0 30.0
156.0 8.0 0.0 131.0 109.0 13.0 45.0 90.0 88.0 171.0 166.0 54.0 135.0 109.0 74.0 134.0 35.0 15.0 125.0 132.0
133.0 127.0 131.0 0.0 113.0 128.0 35.0 76.0 75.0 24.0 79.0 106.0 134.0 117.0 92.0 9.0 86.0 176.0 106.0 115.0
13.0 51.0 109.0 113.0 0.0 96.0 57.0 145.0 47.0 168.0 28.0 102.0 81.0 119.0 73.0 134.0 74.0 144.0 108.0 98.0
36.0 46.0 13.0 128.0 96.0 0.0 126.0 29.0 51.0 131.0 116.0 86.0 157.0 133.0 75.0 102.0 143.0 103.0 103.0 33.0
53.0 69.0 45.0 35.0 57.0 126.0 0.0 182.0 106.0 82.0 88.0 77.0 65.0 82.0 33.0 22.0 82.0 128.0 46.0 86.0
117.0 36.0 90.0 76.0 145.0 29.0 182.0 0.0 90.0 88.0 150.0 53.0 132.0 22.0 151.0 184.0 150.0 82.0 143.0 106.0
71.0 110.0 88.0 75.0 47.0 51.0 106.0 90.0 0.0 32.0 76.0 86.0 31.0 94.0 61.0 126.0 97.0 105.0 96.0 57.0
126.0 111.0 171.0 24.0 168.0 131.0 82.0 88.0 32.0 0.0 77.0 119.0 73.0 35.0 98.0 111.0 45.0 79.0 119.0 108.0
88.0 79.0 166.0 79.0 28.0 116.0 88.0 150.0 76.0 77.0 0.0 36.0 65.0 86.0 45.0 118.0 137.0 115.0 39.0 47.0
92.0 142.0 54.0 106.0 102.0 86.0 77.0 53.0 86.0 119.0 36.0 0.0 88.0 182.0 41.0 117.0 28.0 121.0 48.0 83.0
71.0 145.0 135.0 134.0 81.0 157.0 65.0 132.0 31.0 73.0 65.0 88.0 0.0 91.0 79.0 75.0 15.0 36.0 101.0 121.0
135.0 92.0 109.0 117.0 119.0 133.0 82.0 22.0 94.0 35.0 86.0 182.0 91.0 0.0 26.0 48.0 86.0 74.0 127.0 83.0
187.0 155.0 74.0 92.0 73.0 75.0 33.0 151.0 61.0 98.0 45.0 41.0 79.0 26.0 0.0 61.0 125.0 87.0 30.0 162.0
45.0 22.0 134.0 9.0 134.0 102.0 22.0 184.0 126.0 111.0 118.0 117.0 75.0 48.0 61.0 0.0 113.0 21.0 50.0 37.0
33.0 12.0 35.0 86.0 74.0 143.0 82.0 150.0 97.0 45.0 137.0 28.0 15.0 86.0 125.0 113.0 0.0 58.0 158.0 83.0
28.0 110.0 15.0 176.0 144.0 103.0 128.0 82.0 105.0 79.0 115.0 121.0 36.0 74.0 87.0 21.0 58.0 0.0 141.0 92.0
82.0 176.0 125.0 106.0 108.0 103.0 46.0 143.0 96.0 119.0 39.0 48.0 101.0 127.0 30.0 50.0 158.0 141.0 0.0 97.0
100.0 30.0 132.0 115.0 98.0 33.0 86.0 106.0 57.0 108.0 47.0 83.0 121.0 83.0 162.0 37.0 83.0 92.0 97.0 0.0
