20
0.0 142.0 138.0 104.0 71.0 57.0 101.0 71.0 39.0 0.0 175.0 112.0 29.0 78.0 85.0 112.0 99.0 165.0 110.0 172.0
142.0 0.0 63.0 47.0 69.0 114.0 80.0 153.0 101.0 6.0 63.0 146.0 46.0 33.0 0.0 183.0 59.0 144.0 73.0 65.0
138.0 63.0 0.0 22.0 7.0 84.0 156.0 52.0 162.0 97.0 106.0 123.0 135.0 182.0 51.0 179.0 74.0 134.0 33.0 109.0
104.0 47.0 22.0 0.0 77.0 119.0 98.0 42.0 147.0 171.0 129.0 189.0 156.0 169.0 117.0 79.0 124.0 87.0 43.0 176.0
71.0 69.0 7.0 77.0 0.0 13.0 92.0 82.0 129.0 29.0 142.0 104.0 40.0 93.0 133.0 103.0 108.0 136.0 102.0 12.0
57.0 114.0 84.0 119.0 13.0 0.0 144.0 33.0 95.0 109.0 174.0 81.0 95.0 153.0 141.0 68.0 165.0 103.0 0.0 0.0
101.0 80.0 156.0 98.0 92.0 144.0 0.0 60.0 112.0 142.0 110.0 118.0 99.0 73.0 78.0 53.0 90.0 129.0 59.0 97.0
71.0 153.0 52.0 42.0 82.0 33.0 60.0 0.0 90.0 54.0 65.0 10.0 95.0 78.0 49.0 82.0 85.0 75.0 130.0 143.0
39.0 101.0 162.0 147.0 129.0 95.0 112.0 90.0 0.0 144.0 147.0 97.0 29.0 97.0 97.0 95.0 59.0 82.0 57.0 103.0
0.0 6.0 97.0 171.0 29.0 109.0 142.0 54.0 144.0 0.0 105.0 130.0 79.0 14.0 117.0 9.0 89.0 141.0 177.0 139.0
175.0 63.0 106.0 129.0 142.0 174.0 110.0 65.0 147.0 105.0 0.0 104.0 102.0 138.0 13.0 43.0 66.0 87.0 67.0 65.0
112.0 146.0 123.0 189.0 104.0 81.0 118.0 10.0 97.0 130.0 104.0 0.0 56.0 101.0 33.0 99.0 119.0 112.0 141.0 93.0
29.0 46.0 135.0 156.0 40.0 95.0 99.0 95.0 29.0 79.0 102.0 56.0 0.0 77.0 42.0 95.0 115.0 138.0 0.0 75.0
78.0 33.0 182.0 169.0 93.0 153.0 73.0 78.0 97.0 14.0 138.0 101.0 77.0 0.0 28.0 86.0 99.0 43.0 29.0 180.0
85.0 0.0 51.0 117.0 133.0 141.0 78.0 49.0 97.0 117.0 13.0 33.0 42.0 28.0 0.0 134.0 58.0 74.0 62.0 135.0
112.0 183.0 179.0 79.0 103.0 68.0 53.0 82.0 95.0 9.0 43.0 99.0 95.0 86.0 134.0 0.0 0.0 84.0 113.0 68.0
99.0 59.0 74.0 124.0 108.0 165.0 90.0 85.0 59.0 89.0 66.0 119.0 115.0 99.0 58.0 0.0 0.0 105.0 39.0 83.0
165.0 144.0 134.0 87.0 136.0 103.0 129.0 75.0 82.0 141.0 87.0 112.0 138.0 43.0 74.0 84.0 105.0 0.0 83.0 21.0
110.0 73.0 33.0 43.0 102.0 0.0 59.0 130.0 57.0 177.0 67.0 141.0 0.0 29.0 62.0 113.0 39.0 83.0 0.0 128.0
172.0 65.0 109.0 176.0 12.0 0.0 97.0 143.0 103.0 139.0 65.0 93.0 75.0 180.0 135.0 68.0 83.0 21.0 128.0 0.0
0.0 102.0 127.0 96.0 147.0 131.0 152.0 15.0 121.0 71.0 95.0 56.0 95.0 129.0 179.0 11.0 103.0 81.0 116.0 112.0
102.0 0.0 156.0 39.0 115.0 119.0 22.0 81.0 90.0 26.0 127.0 52.0 127.0 143.0 4.0 96.0 81.0 126.0 68.0 104.0
127.0 156.0 0.0 73.0 111.0 104.0 58.0 79.0 7.0 159.0 129.0 172.0 144.0 136.0 5.0 1.0 76.0 51.0 134.0 126.0
96.0 39.0 73.0 0.0 89.0 105.0 170.0 78.0 31.0 95.0 1.0 71.0 101.0 97.0 76.0 163.0 106.0 85.0 70.0 116.0
147.0 115.0 111.0 89.0 0.0 27.0 185.0 51.0 83.0 142.0 50.0 70.0 88.0 118.0 112.0 150.0 90.0 6.0 59.0 135.0
131.0 119.0 104.0 105.0 27.0 0.0 95.0 57.0 95.0 132.0 76.0 124.0 71.0 111.0 54.0 130.0 148.0 72.0 90.0 104.0
152.0 22.0 58.0 170.0 185.0 95.0 0.0 55.0 104.0 83.0 76.0 129.0 49.0 88.0 134.0 67.0 105.0 132.0 35.0 130.0
15.0 81.0 79.0 78.0 51.0 57.0 55.0 0.0 91.0 142.0 89.0 104.0 155.0 69.0 158.0 130.0 89.0 181.0 152.0 74.0
121.0 90.0 7.0 31.0 83.0 95.0 104.0 91.0 0.0 95.0 134.0 104.0 47.0 106.0 107.0 2.0 12.0 138.0 59.0 72.0
71.0 26.0 159.0 95.0 142.0 132.0 83.0 142.0 95.0 0.0 64.0 23.0 140.0 32.0 109.0 146.0 96.0 45.0 40.0 1.0
95.0 127.0 129.0 1.0 50.0 76.0 76.0 89.0 134.0 64.0 0.0 79.0 51.0 117.0 31.0 65.0 106.0 172.0 94.0 88.0
56.0 52.0 172.0 71.0 70.0 124.0 129.0 104.0 104.0 23.0 79.0 0.0 133.0 130.0 134.0 77.0 96.0 118.0 118.0 89.0
95.0 127.0 144.0 101.0 88.0 71.0 49.0 155.0 47.0 140.0 51.0 133.0 0.0 105.0 121.0 43.0 86.0 71.0 94.0 138.0
129.0 143.0 136.0 97.0 118.0 111.0 88.0 69.0 106.0 32.0 117.0 130.0 105.0 0.0 78.0 122.0 167.0 124.0 0.0 98.0
179.0 4.0 5.0 76.0 112.0 54.0 134.0 158.0 107.0 109.0 31.0 134.0 121.0 78.0 0.0 46.0 48.0 36.0 101.0 136.0
11.0 96.0 1.0 163.0 150.0 130.0 67.0 130.0 2.0 146.0 65.0 77.0 43.0 122.0 46.0 0.0 53.0 79.0 72.0 193.0
103.0 81.0 76.0 106.0 90.0 148.0 105.0 89.0 12.0 96.0 106.0 96.0 86.0 167.0 48.0 53.0 0.0 4.0 96.0 39.0
81.0 126.0 51.0 85.0 6.0 72.0 132.0 181.0 138.0 45.0 172.0 118.0 71.0 124.0 36.0 79.0 4.0 0.0 141.0 192.0
116.0 68.0 134.0 70.0 59.0 90.0 35.0 152.0 59.0 40.0 94.0 118.0 94.0 0.0 101.0 72.0 96.0 141.0 0.0 31.0
112.0 104.0 126.0 116.0 135.0 104.0 130.0 74.0 72.0 1.0 88.0 89.0 138.0 98.0 136.0 193.0 39.0 192.0 31.0 0.0
