20
0.0 20.0 80.0 117.0 130.0 96.0 62.0 71.0 110.0 12.0 113.0 119.0 67.0 28.0 96.0 126.0 84.0 150.0 189.0 88.0
20.0 0.0 141.0 57.0 138.0 92.0 50.0 118.0 82.0 42.0 24.0 158.0 50.0 60.0 22.0 67.0 135.0 95.0 112.0 32.0
80.0 141.0 0.0 47.0 55.0 55.0 81.0 159.0 132.0 42.0 55.0 32.0 83.0 108.0 106.0 161.0 184.0 49.0 96.0 42.0
117.0 57.0 47.0 0.0 64.0 134.0 111.0 39.0 134.0 19.0 170.0 84.0 111.0 28.0 151.0 45.0 77.0 116.0 119.0 140.0
130.0 138.0 55.0 64.0 0.0 89.0 80.0 161.0 96.0 15.0 116.0 55.0 124.0 122.0 139.0 58.0 72.0 67.0 168.0 76.0
96.0 92.0 55.0 134.0 89.0 0.0 110.0 103.0 153.0 57.0 11.0 154.0 32.0 150.0 124.0 68.0 76.0 67.0 43.0 95.0
62.0 50.0 81.0 111.0 80.0 110.0 0.0 53.0 15.0 178.0 58.0 144.0 41.0 35.0 83.0 76.0 93.0 85.0 195.0 84.0
71.0 118.0 159.0 39.0 161.0 103.0 53.0 0.0 123.0 80.0 95.0 105.0 105.0 33.0 94.0 100.0 38.0 46.0 89.0 72.0
110.0 82.0 132.0 134.0 96.0 153.0 15.0 123.0 0.0 143.0 124.0 62.0 48.0 53.0 92.0 148.0 72.0 10.0 100.0 119.0
12.0 42.0 42.0 19.0 15.0 57.0 178.0 80.0 143.0 0.0 46.0 151.0 117.0 91.0 51.0 80.0 73.0 130.0 136.0 110.0
113.0 24.0 55.0 170.0 116.0 11.0 58.0 95.0 124.0 46.0 0.0 45.0 75.0 80.0 52.0 38.0 88.0 2.0 73.0 100.0
119.0 158.0 32.0 84.0 55.0 154.0 144.0 105.0 62.0 151.0 45.0 0.0 86.0 120.0 24.0 125.0 55.0 117.0 186.0 16.0
67.0 50.0 83.0 111.0 124.0 32.0 41.0 105.0 48.0 117.0 75.0 86.0 0.0 99.0 100.0 44.0 125.0 45.0 135.0 88.0
28.0 60.0 108.0 28.0 122.0 150.0 35.0 33.0 53.0 91.0 80.0 120.0 99.0 0.0 25.0 73.0 84.0 129.0 74.0 98.0
96.0 22.0 106.0 151.0 139.0 124.0 83.0 94.0 92.0 51.0 52.0 24.0 100.0 25.0 0.0 90.0 130.0 149.0 112.0 41.0
126.0 67.0 161.0 45.0 58.0 68.0 76.0 100.0 148.0 80.0 38.0 125.0 44.0 73.0 90.0 0.0 109.0 160.0 27.0 157.0
84.0 135.0 184.0 77.0 72.0 76.0 93.0 38.0 72.0 73.0 88.0 55.0 125.0 84.0 130.0 109.0 0.0 128.0 65.0 67.0
150.0 95.0 49.0 116.0 67.0 67.0 85.0 46.0 10.0 130.0 2.0 117.0 45.0 129.0 149.0 160.0 128.0 0.0 43.0 19.0
189.0 112.0 96.0 119.0 168.0 43.0 195.0 89.0 100.0 136.0 73.0 186.0 135.0 74.0 112.0 27.0 65.0 43.0 0.0 86.0
88.0 32.0 42.0 140.0 76.0 95.0 84.0 72.0 119.0 110.0 100.0 16.0 88.0 98.0 41.0 157.0 67.0 19.0 86.0 0.0
0.0 103.0 19.0 16.0 64.0 33.0 95.0 53.0 122.0 78.0 75.0 137.0 164.0 36.0 83.0 151.0 108.0 107.0 90.0 90.0
103.0 0.0 82.0 60.0 69.0 21.0 118.0 147.0 120.0 20.0 95.0 86.0 42.0 123.0 85.0 5.0 56.0 154.0 136.0 89.0
19.0 82.0 0.0 79.0 79.0 109.0 62.0 9.0 175.0 29.0 46.0 20.0 88.0 88.0 163.0 170.0 98.0 122.0 161.0 118.0
16.0 60.0 79.0 0.0 83.0 94.0 31.0 100.0 16.0 95.0 84.0 90.0 133.0 56.0 107.0 98.0 119.0 122.0 155.0 116.0
64.0 69.0 79.0 83.0 0.0 31.0 117.0 75.0 120.0 75.0 80.0 75.0 102.0 157.0 66.0 109.0 36.0 66.0 60.0 169.0
33.0 21.0 109.0 94.0 31.0 0.0 97.0 129.0 138.0 13.0 39.0 103.0 26.0 176.0 94.0 110.0 92.0 136.0 123.0 35.0
95.0 118.0 62.0 31.0 117.0 97.0 0.0 124.0 140.0 61.0 69.0 125.0 135.0 109.0 151.0 137.0 112.0 142.0 59.0 31.0
53.0 147.0 9.0 100.0 75.0 129.0 124.0 0.0 65.0 50.0 76.0 110.0 47.0 99.0 107.0 63.0 85.0 48.0 106.0 108.0
122.0 120.0 175.0 16.0 120.0 138.0 140.0 65.0 0.0 151.0 47.0 113.0 142.0 175.0 97.0 70.0 116.0 108.0 87.0 7.0
78.0 20.0 29.0 95.0 75.0 13.0 61.0 50.0 151.0 0.0 135.0 24.0 119.0 62.0 32.0 23.0 8.0 141.0 75.0 83.0
75.0 95.0 46.0 84.0 80.0 39.0 69.0 76.0 47.0 135.0 0.0 97.0 70.0 113.0 103.0 45.0 78.0 134.0 43.0 105.0
137.0 86.0 20.0 90.0 75.0 103.0 125.0 110.0 113.0 24.0 97.0 0.0 33.0 64.0 84.0 159.0 100.0 27.0 154.0 58.0
164.0 42.0 88.0 133.0 102.0 26.0 135.0 47.0 142.0 119.0 70.0 33.0 0.0 107.0 138.0 130.0 94.0 82.0 75.0 146.0
36.0 123.0 88.0 56.0 157.0 176.0 109.0 99.0 175.0 62.0 113.0 64.0 107.0 0.0 116.0 142.0 64.0 120.0 122.0 34.0
83.0 85.0 163.0 107.0 66.0 94.0 151.0 107.0 97.0 32.0 103.0 84.0 138.0 116.0 0.0 57.0 15.0 25.0 189.0 101.0
151.0 5.0 170.0 98.0 109.0 110.0 137.0 63.0 70.0 23.0 45.0 159.0 130.0 142.0 57.0 0.0 128.0 14.0 144.0 1.0
108.0 56.0 98.0 119.0 36.0 92.0 112.0 85.0 116.0 8.0 78.0 100.0 94.0 64.0 15.0 128.0 0.0 129.0 96.0 181.0
107.0 154.0 122.0 122.0 66.0 136.0 142.0 48.0 108.0 141.0 134.0 27.0 82.0 120.0 25.0 14.0 129.0 0.0 90.0 44.0
90.0 136.0 161.0 155.0 60.0 123.0 59.0 106.0 87.0 75.0 43.0 154.0 75.0 122.0 189.0 144.0 96.0 90.0 0.0 107.0
90.0 89.0 118.0 116.0 169.0 35.0 31.0 108.0 7.0 83.0 105.0 58.0 146.0 34.0 101.0 1.0 181.0 44.0 107.0 0.0
