20
0.0 106.0 164.0 47.0 174.0 89.0 154.0 77.0 118.0 138.0 143.0 79.0 24.0 159.0 80.0 92.0 133.0 10.0 142.0 53.0
106.0 0.0 58.0 44.0 129.0 140.0 155.0 84.0 66.0 56.0 76.0 87.0 24.0 76.0 95.0 121.0 127.0 82.0 60.0 58.0
164.0 58.0 0.0 69.0 63.0 169.0 82.0 73.0 131.0 145.0 71.0 76.0 44.0 66.0 59.0 0.0 87.0 127.0 86.0 131.0
47.0 44.0 69.0 0.0 34.0 64.0 52.0 78.0 122.0 61.0 22.0 73.0 131.0 79.0 69.0 123.0 72.0 162.0 111.0 139.0
174.0 129.0 63.0 34.0 0.0 97.0 123.0 109.0 98.0 71.0 92.0 115.0 91.0 98.0 58.0 157.0 127.0 101.0 102.0 13.0
89.0 140.0 169.0 64.0 97.0 0.0 138.0 171.0 16.0 32.0 57.0 34.0 107.0 120.0 97.0 162.0 77.0 42.0 74.0 132.0
154.0 155.0 82.0 52.0 123.0 138.0 0.0 30.0 38.0 5.0 68.0 132.0 161.0 147.0 48.0 87.0 47.0 117.0 61.0 97.0
77.0 84.0 73.0 78.0 109.0 171.0 30.0 0.0 109.0 133.0 20.0 66.0 101.0 95.0 125.0 81.0 62.0 110.0 24.0 90.0
118.0 66.0 131.0 122.0 98.0 16.0 38.0 109.0 0.0 148.0 112.0 127.0 86.0 107.0 48.0 55.0 77.0 78.0 59.0 89.0
138.0 56.0 145.0 61.0 71.0 32.0 5.0 133.0 148.0 0.0 99.0 120.0 96.0 110.0 168.0 60.0 49.0 111.0 58.0 25.0
143.0 76.0 71.0 22.0 92.0 57.0 68.0 20.0 112.0 99.0 0.0 141.0 165.0 97.0 178.0 90.0 92.0 50.0 40.0 58.0
79.0 87.0 76.0 73.0 115.0 34.0 132.0 66.0 127.0 120.0 141.0 0.0 92.0 112.0 69.0 38.0 73.0 46.0 161.0 155.0
24.0 24.0 44.0 131.0 91.0 107.0 161.0 101.0 86.0 96.0 165.0 92.0 0.0 97.0 144.0 106.0 32.0 109.0 142.0 91.0
159.0 76.0 66.0 79.0 98.0 120.0 147.0 95.0 107.0 110.0 97.0 112.0 97.0 0.0 80.0 0.0 123.0 19.0 195.0 69.0
80.0 95.0 59.0 69.0 58.0 97.0 48.0 125.0 48.0 168.0 178.0 69.0 144.0 80.0 0.0 19.0 74.0 55.0 60.0 119.0
92.0 121.0 0.0 123.0 157.0 162.0 87.0 81.0 55.0 60.0 90.0 38.0 106.0 0.0 19.0 0.0 135.0 105.0 57.0 13.0
133.0 127.0 87.0 72.0 127.0 77.0 47.0 62.0 77.0 49.0 92.0 73.0 32.0 123.0 74.0 135.0 0.0 74.0 66.0 73.0
10.0 82.0 127.0 162.0 101.0 42.0 117.0 110.0 78.0 111.0 50.0 46.0 109.0 19.0 55.0 105.0 74.0 0.0 41.0 90.0
142.0 60.0 86.0 111.0 102.0 74.0 61.0 24.0 59.0 58.0 40.0 161.0 142.0 195.0 60.0 57.0 66.0 41.0 0.0 63.0
53.0 58.0 131.0 139.0 13.0 132.0 97.0 90.0 89.0 25.0 58.0 155.0 91.0 69.0 119.0 13.0 73.0 90.0 63.0 0.0
0.0 65.0 69.0 77.0 33.0 75.0 99.0 15.0 58.0 78.0 78.0 96.0 25.0 131.0 14.0 96.0 112.0 141.0 63.0 48.0
65.0 0.0 178.0 113.0 110.0 68.0 89.0 52.0 88.0 141.0 110.0 94.0 27.0 0.0 121.0 77.0 117.0 81.0 98.0 66.0
69.0 178.0 0.0 50.0 80.0 33.0 175.0 42.0 38.0 58.0 76.0 88.0 139.0 79.0 131.0 125.0 126.0 135.0 91.0 45.0
77.0 113.0 50.0 0.0 171.0 3.0 37.0 107.0 136.0 73.0 4.0 45.0 14.0 190.0 17.0 46.0 119.0 126.0 62.0 78.0
33.0 110.0 80.0 171.0 0.0 123.0 148.0 131.0 51.0 13.0 137.0 189.0 49.0 107.0 104.0 51.0 85.0 76.0 90.0 24.0
75.0 68.0 33.0 3.0 123.0 0.0 81.0 159.0 26.0 109.0 26.0 14.0 102.0 86.0 84.0 142.0 173.0 35.0 155.0 5.0
99.0 89.0 175.0 37.0 148.0 81.0 0.0 155.0 80.0 107.0 161.0 150.0 175.0 82.0 82.0 48.0 109.0 63.0 162.0 47.0
15.0 52.0 42.0 107.0 131.0 159.0 155.0 0.0 152.0 84.0 93.0 51.0 80.0 46.0 69.0 89.0 84.0 165.0 22.0 63.0
58.0 88.0 38.0 136.0 51.0 26.0 80.0 152.0 0.0 53.0 82.0 62.0 108.0 19.0 49.0 93.0 102.0 77.0 167.0 124.0
78.0 141.0 58.0 73.0 13.0 109.0 107.0 84.0 53.0 0.0 65.0 53.0 33.0 64.0 21.0 48.0 37.0 145.0 118.0 90.0
78.0 110.0 76.0 4.0 137.0 26.0 161.0 93.0 82.0 65.0 0.0 42.0 146.0 114.0 52.0 84.0 137.0 166.0 45.0 97.0
96.0 94.0 88.0 45.0 189.0 14.0 150.0 51.0 62.0 53.0 42.0 0.0 126.0 65.0 33.0 31.0 119.0 37.0 102.0 137.0
25.0 27.0 139.0 14.0 49.0 102.0 175.0 80.0 108.0 33.0 146.0 126.0 0.0 90.0 0.0 23.0 115.0 87.0 192.0 82.0
131.0 0.0 79.0 190.0 107.0 86.0 82.0 46.0 19.0 64.0 114.0 65.0 90.0 0.0 132.0 129.0 104.0 105.0 73.0 183.0
14.0 121.0 131.0 17.0 104.0 84.0 82.0 69.0 49.0 21.0 52.0 33.0 0.0 132.0 0.0 17.0 82.0 131.0 22.0 102.0
96.0 77.0 125.0 46.0 51.0 142.0 48.0 89.0 93.0 48.0 84.0 31.0 23.0 129.0 17.0 0.0 147.0 161.0 110.0 56.0
112.0 117.0 126.0 119.0 85.0 173.0 109.0 84.0 102.0 37.0 137.0 119.0 115.0 104.0 82.0 147.0 0.0 35.0 165.0 48.0
141.0 81.0 135.0 126.0 76.0 35.0 63.0 165.0 77.0 145.0 166.0 37.0 87.0 105.0 131.0 161.0 35.0 0.0 97.0 73.0
63.0 98.0 91.0 62.0 90.0 155.0 162.0 22.0 167.0 118.0 45.0 102.0 192.0 73.0 22.0 110.0 165.0 97.0 0.0 139.0
48.0 66.0 45.0 78.0 24.0 5.0 47.0 63.0 124.0 90.0 97.0 137.0 82.0 183.0 102.0 56.0 48.0 73.0 139.0 0.0
