20
0.0 130.0 8.0 19.0 27.0 77.0 19.0 69.0 22.0 67.0 71.0 38.0 100.0 159.0 49.0 77.0 39.0 47.0 154.0 113.0
130.0 0.0 142.0 16.0 141.0 166.0 144.0 154.0 16.0 134.0 85.0 86.0 82.0 130.0 113.0 90.0 48.0 92.0 139.0 177.0
8.0 142.0 0.0 124.0 160.0 120.0 82.0 57.0 69.0 146.0 99.0 99.0 68.0 68.0 84.0 114.0 93.0 43.0 106.0 131.0
19.0 16.0 124.0 0.0 107.0 126.0 123.0 27.0 59.0 69.0 115.0 107.0 1.0 94.0 112.0 122.0 96.0 118.0 151.0 91.0
27.0 141.0 160.0 107.0 0.0 1.0 14.0 139.0 96.0 73.0 144.0 51.0 127.0 71.0 142.0 164.0 115.0 152.0 56.0 96.0
77.0 166.0 120.0 126.0 1.0 0.0 33.0 19.0 109.0 52.0 9.0 122.0 75.0 107.0 163.0 68.0 117.0 84.0 14.0 62.0
19.0 144.0 82.0 123.0 14.0 33.0 0.0 156.0 63.0 83.0 63.0 16.0 153.0 19.0 125.0 58.0 91.0 35.0 48.0 91.0
69.0 154.0 57.0 27.0 139.0 19.0 156.0 0.0 104.0 50.0 103.0 133.0 144.0 132.0 86.0 10.0 137.0 42.0 119.0 84.0
22.0 16.0 69.0 59.0 96.0 109.0 63.0 104.0 0.0 57.0 127.0 117.0 154.0 67.0 78.0 158.0 124.0 94.0 87.0 41.0
67.0 134.0 146.0 69.0 73.0 52.0 83.0 50.0 57.0 0.0 99.0 138.0 108.0 132.0 74.0 104.0 69.0 98.0 140.0 131.0
71.0 85.0 99.0 115.0 144.0 9.0 63.0 103.0 127.0 99.0 0.0 110.0 96.0 51.0 21.0 128.0 87.0 52.0 60.0 44.0
38.0 86.0 99.0 107.0 51.0 122.0 16.0 133.0 117.0 138.0 110.0 0.0 37.0 159.0 76.0 137.0 83.0 119.0 67.0 186.0
100.0 82.0 68.0 1.0 127.0 75.0 153.0 144.0 154.0 108.0 96.0 37.0 0.0 155.0 96.0 88.0 79.0 99.0 42.0 51.0
159.0 130.0 68.0 94.0 71.0 107.0 19.0 132.0 67.0 132.0 51.0 159.0 155.0 0.0 13.0 84.0 0.0 120.0 94.0 116.0
49.0 113.0 84.0 112.0 142.0 163.0 125.0 86.0 78.0 74.0 21.0 76.0 96.0 13.0 0.0 96.0 72.0 82.0 181.0 93.0
77.0 90.0 114.0 122.0 164.0 68.0 58.0 10.0 158.0 104.0 128.0 137.0 88.0 84.0 96.0 0.0 57.0 124.0 82.0 188.0
39.0 48.0 93.0 96.0 115.0 117.0 91.0 137.0 124.0 69.0 87.0 83.0 79.0 0.0 72.0 57.0 0.0 115.0 77.0 83.0
47.0 92.0 43.0 118.0 152.0 84.0 35.0 42.0 94.0 98.0 52.0 119.0 99.0 120.0 82.0 124.0 115.0 0.0 139.0 64.0
154.0 139.0 106.0 151.0 56.0 14.0 48.0 119.0 87.0 140.0 60.0 67.0 42.0 94.0 181.0 82.0 77.0 139.0 0.0 64.0
113.0 177.0 131.0 91.0 96.0 62.0 91.0 84.0 41.0 131.0 44.0 186.0 51.0 116.0 93.0 188.0 83.0 64.0 64.0 0.0
0.0 105.0 176.0 78.0 89.0 116.0 108.0 88.0 19.0 139.0 17.0 90.0 178.0 77.0 76.0 126.0 19.0 81.0 138.0 51.0
105.0 0.0 56.0 62.0 96.0 98.0 16.0 127.0 100.0 134.0 110.0 51.0 24.0 97.0 34.0 84.0 143.0 171.0 115.0 157.0
176.0 56.0 0.0 113.0 87.0 11.0 137.0 33.0 93.0 42.0 107.0 87.0 79.0 48.0 14.0 37.0 21.0 0.0 162.0 157.0
78.0 62.0 113.0 0.0 122.0 137.0 92.0 67.0 61.0 102.0 43.0 143.0 88.0 52.0 123.0 167.0 109.0 132.0 120.0 103.0
89.0 96.0 87.0 122.0 0.0 44.0 22.0 66.0 143.0 66.0 115.0 159.0 63.0 94.0 66.0 115.0 130.0 94.0 57.0 38.0
116.0 98.0 11.0 137.0 44.0 0.0 80.0 79.0 101.0 0.0 55.0 128.0 75.0 72.0 94.0 80.0 168.0 55.0 13.0 90.0
108.0 16.0 137.0 92.0 22.0 80.0 0.0 111.0 23.0 97.0 96.0 89.0 117.0 163.0 119.0 107.0 14.0 101.0 158.0 108.0
88.0 127.0 33.0 67.0 66.0 79.0 111.0 0.0 132.0 130.0 3.0 113.0 14.0 142.0 103.0 67.0 73.0 74.0 128.0 119.0
19.0 100.0 93.0 61.0 143.0 101.0 23.0 132.0 0.0 111.0 58.0 163.0 131.0 147.0 132.0 142.0 0.0 31.0 79.0 9.0
139.0 134.0 42.0 102.0 66.0 0.0 97.0 130.0 111.0 0.0 82.0 94.0 93.0 52.0 81.0 63.0 96.0 72.0 120.0 191.0
17.0 110.0 107.0 43.0 115.0 55.0 96.0 3.0 58.0 82.0 0.0 124.0 96.0 128.0 171.0 116.0 148.0 51.0 70.0 80.0
90.0 51.0 87.0 143.0 159.0 128.0 89.0 113.0 163.0 94.0 124.0 0.0 90.0 135.0 133.0 102.0 86.0 22.0 79.0 133.0
178.0 24.0 79.0 88.0 63.0 75.0 117.0 14.0 131.0 93.0 96.0 90.0 0.0 58.0 23.0 103.0 110.0 95.0 79.0 151.0
77.0 97.0 48.0 52.0 94.0 72.0 163.0 142.0 147.0 52.0 128.0 135.0 58.0 0.0 61.0 102.0 101.0 161.0 76.0 132.0
76.0 34.0 14.0 123.0 66.0 94.0 119.0 103.0 132.0 81.0 171.0 133.0 23.0 61.0 0.0 123.0 107.0 49.0 121.0 27.0
126.0 84.0 37.0 167.0 115.0 80.0 107.0 67.0 142.0 63.0 116.0 102.0 103.0 102.0 123.0 0.0 142.0 59.0 26.0 73.0
19.0 143.0 21.0 109.0 130.0 168.0 14.0 73.0 0.0 96.0 148.0 86.0 110.0 101.0 107.0 142.0 0.0 23.0 28.0 172.0
81.0 171.0 0.0 132.0 94.0 55.0 101.0 74.0 31.0 72.0 51.0 22.0 95.0 161.0 49.0 59.0 23.0 0.0 174.0 57.0
138.0 115.0 162.0 120.0 57.0 13.0 158.0 128.0 79.0 120.0 70.0 79.0 79.0 76.0 121.0 26.0 28.0 174.0 0.0 153.0
51.0 157.0 157.0 103.0 38.0 90.0 108.0 119.0 9.0 191.0 80.0 133.0 151.0 132.0 27.0 73.0 172.0 57.0 153.0 0.0
