20
0.0 17.0 81.0 71.0 28.0 74.0 70.0 14.0 103.0 58.0 87.0 84.0 132.0 36.0 111.0 63.0 103.0 90.0 80.0 144.0
17.0 0.0 163.0 71.0 20.0 74.0 174.0 7.0 34.0 176.0 78.0 86.0 128.0 158.0 129.0 171.0 75.0 90.0 104.0 58.0
81.0 163.0 0.0 139.0 6.0 147.0 67.0 170.0 79.0 87.0 46.0 58.0 112.0 85.0 159.0 121.0 153.0 14.0 54.0 25.0
71.0 71.0 139.0 0.0 0.0 52.0 90.0 57.0 88.0 32.0 56.0 132.0 86.0 67.0 38.0 152.0 100.0 65.0 103.0 38.0
28.0 20.0 6.0 0.0 0.0 85.0 50.0 127.0 11.0 190.0 79.0 176.0 108.0 14.0 104.0 117.0 92.0 42.0 87.0 64.0
74.0 74.0 147.0 52.0 85.0 0.0 81.0 11.0 159.0 54.0 98.0 186.0 78.0 77.0 177.0 145.0 143.0 120.0 33.0 68.0
70.0 174.0 67.0 90.0 50.0 81.0 0.0 73.0 32.0 120.0 118.0 141.0 145.0 50.0 28.0 53.0 81.0 118.0 1.0 137.0
14.0 7.0 170.0 57.0 127.0 11.0 73.0 0.0 92.0 127.0 10.0 89.0 50.0 97.0 112.0 2.0 131.0 8.0 126.0 87.0
103.0 34.0 79.0 88.0 11.0 159.0 32.0 92.0 0.0 74.0 81.0 129.0 89.0 112.0 0.0 77.0 24.0 93.0 113.0 172.0
58.0 176.0 87.0 32.0 190.0 54.0 120.0 127.0 74.0 0.0 15.0 87.0 56.0 74.0 29.0 81.0 68.0 33.0 70.0 185.0
87.0 78.0 46.0 56.0 79.0 98.0 118.0 10.0 81.0 15.0 0.0 161.0 149.0 46.0 109.0 111.0 144.0 108.0 65.0 124.0
84.0 86.0 58.0 132.0 176.0 186.0 141.0 89.0 129.0 87.0 161.0 0.0 134.0 8.0 97.0 80.0 46.0 92.0 134.0 97.0
132.0 128.0 112.0 86.0 108.0 78.0 145.0 50.0 89.0 56.0 149.0 134.0 0.0 119.0 47.0 112.0 65.0 120.0 127.0 36.0
36.0 158.0 85.0 67.0 14.0 77.0 50.0 97.0 112.0 74.0 46.0 8.0 119.0 0.0 40.0 18.0 54.0 89.0 23.0 72.0
111.0 129.0 159.0 38.0 104.0 177.0 28.0 112.0 0.0 29.0 109.0 97.0 47.0 40.0 0.0 78.0 89.0 94.0 105.0 14.0
63.0 171.0 121.0 152.0 117.0 145.0 53.0 2.0 77.0 81.0 111.0 80.0 112.0 18.0 78.0 0.0 153.0 62.0 135.0 13.0
103.0 75.0 153.0 100.0 92.0 143.0 81.0 131.0 24.0 68.0 144.0 46.0 65.0 54.0 89.0 153.0 0.0 147.0 163.0 0.0
90.0 90.0 14.0 65.0 42.0 120.0 118.0 8.0 93.0 33.0 108.0 92.0 120.0 89.0 94.0 62.0 147.0 0.0 35.0 69.0
80.0 104.0 54.0 103.0 87.0 33.0 1.0 126.0 113.0 70.0 65.0 134.0 127.0 23.0 105.0 135.0 163.0 35.0 0.0 138.0
144.0 58.0 25.0 38.0 64.0 68.0 137.0 87.0 172.0 185.0 124.0 97.0 36.0 72.0 14.0 13.0 0.0 69.0 138.0 0.0
0.0 43.0 122.0 40.0 33.0 156.0 138.0 86.0 97.0 40.0 73.0 58.0 127.0 45.0 115.0 148.0 168.0 142.0 109.0 168.0
43.0 0.0 114.0 56.0 177.0 57.0 51.0 78.0 124.0 25.0 49.0 95.0 148.0 78.0 5.0 54.0 73.0 105.0 122.0 128.0
122.0 114.0 0.0 77.0 48.0 163.0 73.0 106.0 29.0 95.0 57.0 77.0 103.0 123.0 68.0 127.0 67.0 120.0 128.0 76.0
40.0 56.0 77.0 0.0 135.0 47.0 94.0 53.0 95.0 48.0 54.0 77.0 101.0 149.0 138.0 116.0 34.0 134.0 61.0 68.0
33.0 177.0 48.0 135.0 0.0 92.0 160.0 44.0 152.0 50.0 66.0 58.0 43.0 71.0 154.0 132.0 72.0 67.0 144.0 75.0
156.0 57.0 163.0 47.0 92.0 0.0 47.0 43.0 114.0 15.0 138.0 26.0 22.0 141.0 67.0 66.0 112.0 81.0 96.0 112.0
138.0 51.0 73.0 94.0 160.0 47.0 0.0 50.0 46.0 101.0 194.0 144.0 85.0 160.0 95.0 79.0 33.0 73.0 81.0 92.0
86.0 78.0 106.0 53.0 44.0 43.0 50.0 0.0 63.0 54.0 44.0 46.0 60.0 60.0 114.0 149.0 91.0 73.0 112.0 41.0
97.0 124.0 29.0 95.0 152.0 114.0 46.0 63.0 0.0 45.0 53.0 5.0 109.0 95.0 101.0 38.0 113.0 148.0 81.0 177.0
40.0 25.0 95.0 48.0 50.0 15.0 101.0 54.0 45.0 0.0 79.0 97.0 100.0 136.0 110.0 145.0 88.0 67.0 170.0 53.0
73.0 49.0 57.0 54.0 66.0 138.0 194.0 44.0 53.0 79.0 0.0 0.0 85.0 33.0 132.0 66.0 79.0 33.0 157.0 74.0
58.0 95.0 77.0 77.0 58.0 26.0 144.0 46.0 5.0 97.0 0.0 0.0 102.0 104.0 106.0 97.0 160.0 145.0 7.0 175.0
127.0 148.0 103.0 101.0 43.0 22.0 85.0 60.0 109.0 100.0 85.0 102.0 0.0 102.0 94.0 99.0 175.0 123.0 188.0 64.0
45.0 78.0 123.0 149.0 71.0 141.0 160.0 60.0 95.0 136.0 33.0 104.0 102.0 0.0 36.0 85.0 128.0 100.0 57.0 7.0
115.0 5.0 68.0 138.0 154.0 67.0 95.0 114.0 101.0 110.0 132.0 106.0 94.0 36.0 0.0 78.0 29.0 101.0 9.0 67.0
148.0 54.0 127.0 116.0 132.0 66.0 79.0 149.0 38.0 145.0 66.0 97.0 99.0 85.0 78.0 0.0 53.0 15.0 76.0 20.0
168.0 73.0 67.0 34.0 72.0 112.0 33.0 91.0 113.0 88.0 79.0 160.0 175.0 128.0 29.0 53.0 0.0 169.0 93.0 125.0
142.0 105.0 120.0 134.0 67.0 81.0 73.0 73.0 148.0 67.0 33.0 145.0 123.0 100.0 101.0 15.0 169.0 0.0 36.0 118.0
109.0 122.0 128.0 61.0 144.0 96.0 81.0 112.0 81.0 170.0 157.0 7.0 188.0 57.0 9.0 76.0 93.0 36.0 0.0 123.0
168.0 128.0 76.0 68.0 75.0 112.0 92.0 41.0 177.0 53.0 74.0 175.0 64.0 7.0 67.0 20.0 125.0 118.0 123.0 0.0
