20
0.0 64.0 181.0 76.0 95.0 59.0 112.0 71.0 82.0 36.0 61.0 118.0 131.0 98.0 28.0 74.0 79.0 54.0 63.0 170.0
64.0 0.0 140.0 55.0 44.0 100.0 123.0 2.0 81.0 71.0 171.0 27.0 130.0 110.0 86.0 152.0 82.0 107.0 167.0 2.0
181.0 140.0 0.0 163.0 62.0 99.0 72.0 119.0 78.0 112.0 0.0 139.0 122.0 18.0 82.0 117.0 121.0 151.0 71.0 91.0
76.0 55.0 163.0 0.0 95.0 180.0 110.0 85.0 81.0 11.0 67.0 97.0 100.0 96.0 52.0 121.0 112.0 73.0 20.0 132.0
95.0 44.0 62.0 95.0 0.0 107.0 122.0 98.0 124.0 100.0 78.0 113.0 80.0 0.0 80.0 81.0 149.0 89.0 29.0 35.0
59.0 100.0 99.0 180.0 107.0 0.0 60.0 117.0 73.0 71.0 91.0 58.0 115.0 98.0 150.0 157.0 148.0 65.0 25.0 20.0
112.0 123.0 72.0 110.0 122.0 60.0 0.0 125.0 148.0 44.0 89.0 98.0 147.0 149.0 58.0 135.0 36.0 67.0 73.0 101.0
71.0 2.0 119.0 85.0 98.0 117.0 125.0 0.0 110.0 137.0 119.0 29.0 61.0 63.0 79.0 60.0 92.0 148.0 77.0 42.0
82.0 81.0 78.0 81.0 124.0 73.0 148.0 110.0 0.0 104.0 37.0 0.0 74.0 156.0 101.0 110.0 143.0 94.0 69.0 68.0
36.0 71.0 112.0 11.0 100.0 71.0 44.0 137.0 104.0 0.0 79.0 166.0 103.0 134.0 89.0 118.0 108.0 108.0 59.0 55.0
61.0 171.0 0.0 67.0 78.0 91.0 89.0 119.0 37.0 79.0 0.0 8.0 83.0 97.0 39.0 119.0 54.0 136.0 117.0 131.0
118.0 27.0 139.0 97.0 113.0 58.0 98.0 29.0 0.0 166.0 8.0 0.0 11.0 92.0 107.0 36.0 59.0 74.0 132.0 59.0
131.0 130.0 122.0 100.0 80.0 115.0 147.0 61.0 74.0 103.0 83.0 11.0 0.0 92.0 109.0 124.0 94.0 67.0 51.0 68.0
98.0 110.0 18.0 96.0 0.0 98.0 149.0 63.0 156.0 134.0 97.0 92.0 92.0 0.0 157.0 85.0 156.0 75.0 152.0 2.0
28.0 86.0 82.0 52.0 80.0 150.0 58.0 79.0 101.0 89.0 39.0 107.0 109.0 157.0 0.0 51.0 143.0 61.0 108.0 114.0
74.0 152.0 117.0 121.0 81.0 157.0 135.0 60.0 110.0 118.0 119.0 36.0 124.0 85.0 51.0 0.0 73.0 62.0 89.0 37.0
79.0 82.0 121.0 112.0 149.0 148.0 36.0 92.0 143.0 108.0 54.0 59.0 94.0 156.0 143.0 73.0 0.0 123.0 5.0 140.0
54.0 107.0 151.0 73.0 89.0 65.0 67.0 148.0 94.0 108.0 136.0 74.0 67.0 75.0 61.0 62.0 123.0 0.0 13.0 2.0
63.0 167.0 71.0 20.0 29.0 25.0 73.0 77.0 69.0 59.0 117.0 132.0 51.0 152.0 108.0 89.0 5.0 13.0 0.0 148.0
170.0 2.0 91.0 132.0 35.0 20.0 101.0 42.0 68.0 55.0 131.0 59.0 68.0 2.0 114.0 37.0 140.0 2.0 148.0 0.0
0.0 108.0 37.0 88.0 59.0 52.0 50.0 85.0 69.0 128.0 135.0 42.0 89.0 78.0 146.0 45.0 95.0 27.0 34.0 88.0
108.0 0.0 139.0 97.0 87.0 148.0 88.0 96.0 171.0 107.0 42.0 32.0 80.0 9.0 94.0 24.0 49.0 129.0 68.0 39.0
37.0 139.0 0.0 144.0 173.0 144.0 167.0 57.0 83.0 73.0 93.0 150.0 163.0 166.0 93.0 62.0 130.0 51.0 10.0 126.0
88.0 97.0 144.0 0.0 145.0 155.0 97.0 109.0 50.0 89.0 119.0 84.0 46.0 137.0 96.0 64.0 41.0 144.0 72.0 15.0
59.0 87.0 173.0 145.0 0.0 162.0 118.0 95.0 147.0 83.0 136.0 24.0 15.0 23.0 70.0 60.0 65.0 147.0 88.0 101.0
52.0 148.0 144.0 155.0 162.0 0.0 175.0 92.0 166.0 29.0 142.0 108.0 116.0 106.0 100.0 47.0 123.0 131.0 0.0 144.0
50.0 88.0 167.0 97.0 118.0 175.0 0.0 72.0 107.0 66.0 49.0 127.0 133.0 100.0 78.0 87.0 42.0 124.0 25.0 63.0
85.0 96.0 57.0 109.0 95.0 92.0 72.0 0.0 24.0 36.0 73.0 96.0 32.0 10.0 142.0 73.0 170.0 0.0 75.0 150.0
69.0 171.0 83.0 50.0 147.0 166.0 107.0 24.0 0.0 75.0 106.0 126.0 91.0 87.0 12.0 74.0 48.0 51.0 87.0 177.0
128.0 107.0 73.0 89.0 83.0 29.0 66.0 36.0 75.0 0.0 18.0 81.0 101.0 107.0 80.0 68.0 2.0 125.0 76.0 110.0
135.0 42.0 93.0 119.0 136.0 142.0 49.0 73.0 106.0 18.0 0.0 81.0 130.0 46.0 56.0 97.0 32.0 128.0 88.0 30.0
42.0 32.0 150.0 84.0 24.0 108.0 127.0 96.0 126.0 81.0 81.0 0.0 120.0 48.0 20.0 24.0 160.0 160.0 57.0 59.0
89.0 80.0 163.0 46.0 15.0 116.0 133.0 32.0 91.0 101.0 130.0 120.0 0.0 39.0 146.0 99.0 148.0 98.0 79.0 5.0
78.0 9.0 166.0 137.0 23.0 106.0 100.0 10.0 87.0 107.0 46.0 48.0 39.0 0.0 44.0 44.0 79.0 77.0 135.0 139.0
146.0 94.0 93.0 96.0 70.0 100.0 78.0 142.0 12.0 80.0 56.0 20.0 146.0 44.0 0.0 78.0 153.0 127.0 44.0 84.0
45.0 24.0 62.0 64.0 60.0 47.0 87.0 73.0 74.0 68.0 97.0 24.0 99.0 44.0 78.0 0.0 88.0 102.0 131.0 61.0
95.0 49.0 130.0 41.0 65.0 123.0 42.0 170.0 48.0 2.0 32.0 160.0 148.0 79.0 153.0 88.0 0.0 74.0 131.0 94.0
27.0 129.0 51.0 144.0 147.0 131.0 124.0 0.0 51.0 125.0 128.0 160.0 98.0 77.0 127.0 102.0 74.0 0.0 39.0 93.0
34.0 68.0 10.0 72.0 88.0 0.0 25.0 75.0 87.0 76.0 88.0 57.0 79.0 135.0 44.0 131.0 131.0 39.0 0.0 67.0
88.0 39.0 126.0 15.0 101.0 144.0 63.0 150.0 177.0 110.0 30.0 59.0 5.0 139.0 84.0 61.0 94.0 93.0 67.0 0.0
