20
0.0 156.0 44.0 47.0 193.0 29.0 130.0 12.0 40.0 102.0 70.0 60.0 87.0 33.0 150.0 78.0 54.0 182.0 43.0 62.0
156.0 0.0 94.0 50.0 19.0 41.0 94.0 52.0 96.0 79.0 54.0 164.0 40.0 128.0 35.0 92.0 78.0 100.0 109.0 158.0
44.0 94.0 0.0 58.0 187.0 34.0 96.0 105.0 34.0 53.0 145.0 91.0 78.0 85.0 62.0 105.0 119.0 7.0 124.0 12.0
47.0 50.0 58.0 0.0 111.0 127.0 75.0 87.0 155.0 99.0 150.0 87.0 129.0 0.0 155.0 168.0 38.0 37.0 98.0 39.0
193.0 19.0 187.0 111.0 0.0 37.0 122.0 47.0 88.0 54.0 109.0 143.0 128.0 39.0 69.0 75.0 49.0 147.0 0.0 55.0
29.0 41.0 34.0 127.0 37.0 0.0 59.0 101.0 131.0 140.0 105.0 131.0 108.0 129.0 121.0 169.0 59.0 80.0 132.0 125.0
130.0 94.0 96.0 75.0 122.0 59.0 0.0 128.0 151.0 122.0 160.0 76.0 152.0 90.0 72.0 103.0 99.0 109.0 74.0 98.0
12.0 52.0 105.0 87.0 47.0 101.0 128.0 0.0 111.0 112.0 123.0 24.0 14.0 133.0 87.0 30.0 43.0 54.0 48.0 115.0
40.0 96.0 34.0 155.0 88.0 131.0 151.0 111.0 0.0 54.0 122.0 66.0 120.0 98.0 121.0 135.0 168.0 23.0 72.0 92.0
102.0 79.0 53.0 99.0 54.0 140.0 122.0 112.0 54.0 0.0 92.0 76.0 79.0 118.0 57.0 97.0 161.0 5.0 116.0 11.0
70.0 54.0 145.0 150.0 109.0 105.0 160.0 123.0 122.0 92.0 0.0 64.0 188.0 68.0 70.0 40.0 159.0 141.0 127.0 10.0
60.0 164.0 91.0 87.0 143.0 131.0 76.0 24.0 66.0 76.0 64.0 0.0 82.0 110.0 130.0 155.0 35.0 135.0 40.0 28.0
87.0 40.0 78.0 129.0 128.0 108.0 152.0 14.0 120.0 79.0 188.0 82.0 0.0 76.0 47.0 131.0 95.0 39.0 147.0 135.0
33.0 128.0 85.0 0.0 39.0 129.0 90.0 133.0 98.0 118.0 68.0 110.0 76.0 0.0 18.0 75.0 17.0 35.0 125.0 100.0
150.0 35.0 62.0 155.0 69.0 121.0 72.0 87.0 121.0 57.0 70.0 130.0 47.0 18.0 0.0 75.0 70.0 19.0 119.0 189.0
78.0 92.0 105.0 168.0 75.0 169.0 103.0 30.0 135.0 97.0 40.0 155.0 131.0 75.0 75.0 0.0 146.0 89.0 155.0 97.0
54.0 78.0 119.0 38.0 49.0 59.0 99.0 43.0 168.0 161.0 159.0 35.0 95.0 17.0 70.0 146.0 0.0 115.0 83.0 70.0
182.0 100.0 7.0 37.0 147.0 80.0 109.0 54.0 23.0 5.0 141.0 135.0 39.0 35.0 19.0 89.0 115.0 0.0 159.0 151.0
43.0 109.0 124.0 98.0 0.0 132.0 74.0 48.0 72.0 116.0 127.0 40.0 147.0 125.0 119.0 155.0 83.0 159.0 0.0 92.0
62.0 158.0 12.0 39.0 55.0 125.0 98.0 115.0 92.0 11.0 10.0 28.0 135.0 100.0 189.0 97.0 70.0 151.0 92.0 0.0
0.0 63.0 71.0 55.0 64.0 94.0 105.0 44.0 67.0 148.0 33.0 34.0 19.0 123.0 120.0 96.0 91.0 71.0 81.0 92.0
63.0 0.0 84.0 140.0 150.0 94.0 58.0 28.0 9.0 164.0 73.0 151.0 106.0 109.0 79.0 10.0 40.0 97.0 28.0 156.0
71.0 84.0 0.0 30.0 138.0 164.0 198.0 60.0 60.0 77.0 81.0 143.0 113.0 86.0 78.0 55.0 99.0 94.0 175.0 105.0
55.0 140.0 30.0 0.0 91.0 61.0 126.0 59.0 78.0 98.0 83.0 140.0 131.0 93.0 59.0 190.0 25.0 87.0 170.0 136.0
64.0 150.0 138.0 91.0 0.0 99.0 108.0 15.0 40.0 121.0 80.0 106.0 89.0 73.0 87.0 109.0 137.0 63.0 126.0 179.0
94.0 94.0 164.0 61.0 99.0 0.0 14.0 115.0 58.0 18.0 34.0 104.0 90.0 89.0 131.0 121.0 57.0 86.0 109.0 28.0
105.0 58.0 198.0 126.0 108.0 14.0 0.0 96.0 140.0 129.0 118.0 107.0 153.0 92.0 102.0 136.0 86.0 70.0 174.0 147.0
44.0 28.0 60.0 59.0 15.0 115.0 96.0 0.0 37.0 144.0 46.0 63.0 92.0 17.0 24.0 98.0 53.0 179.0 115.0 103.0
67.0 9.0 60.0 78.0 40.0 58.0 140.0 37.0 0.0 181.0 90.0 63.0 139.0 111.0 142.0 96.0 99.0 47.0 91.0 5.0
148.0 164.0 77.0 98.0 121.0 18.0 129.0 144.0 181.0 0.0 71.0 84.0 11.0 99.0 168.0 132.0 61.0 159.0 145.0 154.0
33.0 73.0 81.0 83.0 80.0 34.0 118.0 46.0 90.0 71.0 0.0 83.0 78.0 71.0 71.0 84.0 70.0 73.0 90.0 110.0
34.0 151.0 143.0 140.0 106.0 104.0 107.0 63.0 63.0 84.0 83.0 0.0 88.0 115.0 0.0 114.0 110.0 125.0 169.0 81.0
19.0 106.0 113.0 131.0 89.0 90.0 153.0 92.0 139.0 11.0 78.0 88.0 0.0 119.0 55.0 9.0 64.0 94.0 62.0 38.0
123.0 109.0 86.0 93.0 73.0 89.0 92.0 17.0 111.0 99.0 71.0 115.0 119.0 0.0 123.0 96.0 89.0 114.0 133.0 29.0
120.0 79.0 78.0 59.0 87.0 131.0 102.0 24.0 142.0 168.0 71.0 0.0 55.0 123.0 0.0 38.0 94.0 96.0 69.0 59.0
96.0 10.0 55.0 190.0 109.0 121.0 136.0 98.0 96.0 132.0 84.0 114.0 9.0 96.0 38.0 0.0 107.0 40.0 84.0 119.0
91.0 40.0 99.0 25.0 137.0 57.0 86.0 53.0 99.0 61.0 70.0 110.0 64.0 89.0 94.0 107.0 0.0 52.0 138.0 129.0
71.0 97.0 94.0 87.0 63.0 86.0 70.0 179.0 47.0 159.0 73.0 125.0 94.0 114.0 96.0 40.0 52.0 0.0 126.0 37.0
81.0 28.0 175.0 170.0 126.0 109.0 174.0 115.0 91.0 145.0 90.0 169.0 62.0 133.0 69.0 84.0 138.0 126.0 0.0 132.0
92.0 156.0 105.0 136.0 179.0 28.0 147.0 103.0 5.0 154.0 110.0 81.0 38.0 29.0 59.0 119.0 129.0 37.0 132.0 0.0
