20
0.0 134.0 45.0 90.0 69.0 59.0 112.0 49.0 68.0 74.0 171.0 69.0 63.0 57.0 83.0 139.0 53.0 50.0 113.0 112.0
134.0 0.0 47.0 93.0 137.0 103.0 102.0 91.0 92.0 126.0 80.0 113.0 120.0 107.0 126.0 94.0 78.0 44.0 7.0 65.0
45.0 47.0 0.0 132.0 10.0 162.0 158.0 57.0 78.0 133.0 178.0 68.0 104.0 126.0 146.0 102.0 168.0 56.0 20.0 93.0
90.0 93.0 132.0 0.0 130.0 0.0 165.0 149.0 113.0 84.0 26.0 94.0 165.0 17.0 117.0 97.0 94.0 41.0 76.0 45.0
69.0 137.0 10.0 130.0 0.0 129.0 43.0 22.0 79.0 92.0 68.0 58.0 134.0 118.0 168.0 128.0 60.0 126.0 58.0 94.0
59.0 103.0 162.0 0.0 129.0 0.0 8.0 54.0 61.0 95.0 0.0 106.0 98.0 63.0 172.0 131.0 67.0 171.0 31.0 39.0
112.0 102.0 158.0 165.0 43.0 8.0 0.0 2.0 134.0 63.0 59.0 116.0 91.0 104.0 134.0 104.0 60.0 2.0 127.0 53.0
49.0 91.0 57.0 149.0 22.0 54.0 2.0 0.0 110.0 42.0 44.0 20.0 156.0 89.0 74.0 106.0 188.0 24.0 54.0 139.0
68.0 92.0 78.0 113.0 79.0 61.0 134.0 110.0 0.0 15.0 34.0 36.0 147.0 130.0 59.0 157.0 136.0 176.0 105.0 75.0
74.0 126.0 133.0 84.0 92.0 95.0 63.0 42.0 15.0 0.0 90.0 53.0 51.0 116.0 130.0 157.0 112.0 37.0 60.0 99.0
171.0 80.0 178.0 26.0 68.0 0.0 59.0 44.0 34.0 90.0 0.0 158.0 89.0 134.0 114.0 88.0 112.0 67.0 74.0 171.0
69.0 113.0 68.0 94.0 58.0 106.0 116.0 20.0 36.0 53.0 158.0 0.0 172.0 185.0 91.0 96.0 79.0 88.0 162.0 123.0
63.0 120.0 104.0 165.0 134.0 98.0 91.0 156.0 147.0 51.0 89.0 172.0 0.0 93.0 92.0 85.0 8.0 108.0 70.0 91.0
57.0 107.0 126.0 17.0 118.0 63.0 104.0 89.0 130.0 116.0 134.0 185.0 93.0 0.0 25.0 73.0 175.0 116.0 86.0 109.0
83.0 126.0 146.0 117.0 168.0 172.0 134.0 74.0 59.0 130.0 114.0 91.0 92.0 25.0 0.0 21.0 169.0 59.0 83.0 106.0
139.0 94.0 102.0 97.0 128.0 131.0 104.0 106.0 157.0 157.0 88.0 96.0 85.0 73.0 21.0 0.0 148.0 71.0 106.0 138.0
53.0 78.0 168.0 94.0 60.0 67.0 60.0 188.0 136.0 112.0 112.0 79.0 8.0 175.0 169.0 148.0 0.0 75.0 98.0 37.0
50.0 44.0 56.0 41.0 126.0 171.0 2.0 24.0 176.0 37.0 67.0 88.0 108.0 116.0 59.0 71.0 75.0 0.0 166.0 69.0
113.0 7.0 20.0 76.0 58.0 31.0 127.0 54.0 105.0 60.0 74.0 162.0 70.0 86.0 83.0 106.0 98.0 166.0 0.0 103.0
112.0 65.0 93.0 45.0 94.0 39.0 53.0 139.0 75.0 99.0 171.0 123.0 91.0 109.0 106.0 138.0 37.0 69.0 103.0 0.0
0.0 114.0 102.0 104.0 109.0 165.0 85.0 51.0 95.0 109.0 62.0 122.0 81.0 88.0 36.0 117.0 70.0 84.0 47.0 49.0
114.0 0.0 82.0 165.0 149.0 123.0 41.0 81.0 73.0 97.0 151.0 84.0 48.0 82.0 156.0 26.0 58.0 64.0 64.0 97.0
102.0 82.0 0.0 68.0 84.0 51.0 93.0 131.0 139.0 44.0 120.0 130.0 88.0 59.0 170.0 107.0 81.0 121.0 2.0 46.0
104.0 165.0 68.0 0.0 113.0 83.0 90.0 153.0 66.0 114.0 175.0 143.0 128.0 156.0 89.0 90.0 19.0 105.0 7.0 51.0
109.0 149.0 84.0 113.0 0.0 35.0 49.0 42.0 28.0 85.0 55.0 108.0 103.0 5.0 54.0 101.0 80.0 71.0 11.0 151.0
165.0 123.0 51.0 83.0 35.0 0.0 93.0 29.0 9.0 91.0 104.0 106.0 131.0 123.0 34.0 38.0 102.0 79.0 19.0 81.0
85.0 41.0 93.0 90.0 49.0 93.0 0.0 95.0 120.0 109.0 86.0 147.0 151.0 86.0 32.0 117.0 89.0 56.0 148.0 0.0
51.0 81.0 131.0 153.0 42.0 29.0 95.0 0.0 106.0 67.0 17.0 42.0 27.0 186.0 116.0 38.0 148.0 126.0 82.0 81.0
95.0 73.0 139.0 66.0 28.0 9.0 120.0 106.0 0.0 24.0 69.0 56.0 68.0 11.0 64.0 110.0 175.0 124.0 19.0 81.0
109.0 97.0 44.0 114.0 85.0 91.0 109.0 67.0 24.0 0.0 8.0 18.0 89.0 37.0 131.0 182.0 102.0 91.0 76.0 83.0
62.0 151.0 120.0 175.0 55.0 104.0 86.0 17.0 69.0 8.0 0.0 92.0 64.0 3.0 91.0 124.0 92.0 74.0 44.0 92.0
122.0 84.0 130.0 143.0 108.0 106.0 147.0 42.0 56.0 18.0 92.0 0.0 95.0 8.0 156.0 21.0 48.0 161.0 95.0 62.0
81.0 48.0 88.0 128.0 103.0 131.0 151.0 27.0 68.0 89.0 64.0 95.0 0.0 0.0 58.0 86.0 37.0 132.0 50.0 109.0
88.0 82.0 59.0 156.0 5.0 123.0 86.0 186.0 11.0 37.0 3.0 8.0 0.0 0.0 19.0 98.0 82.0 121.0 95.0 138.0
36.0 156.0 170.0 89.0 54.0 34.0 32.0 116.0 64.0 131.0 91.0 156.0 58.0 19.0 0.0 51.0 119.0 144.0 88.0 94.0
117.0 26.0 107.0 90.0 101.0 38.0 117.0 38.0 110.0 182.0 124.0 21.0 86.0 98.0 51.0 0.0 68.0 162.0 124.0 77.0
70.0 58.0 81.0 19.0 80.0 102.0 89.0 148.0 175.0 102.0 92.0 48.0 37.0 82.0 119.0 68.0 0.0 187.0 70.0 101.0
84.0 64.0 121.0 105.0 71.0 79.0 56.0 126.0 124.0 91.0 74.0 161.0 132.0 121.0 144.0 162.0 187.0 0.0 89.0 2.0
47.0 64.0 2.0 7.0 11.0 19.0 148.0 82.0 19.0 76.0 44.0 95.0 50.0 95.0 88.0 124.0 70.0 89.0 0.0 43.0
49.0 97.0 46.0 51.0 151.0 81.0 0.0 81.0 81.0 83.0 92.0 62.0 109.0 138.0 94.0 77.0 101.0 2.0 43.0 0.0
